% latex table generated in R 3.6.3 by xtable 1.8-4 package
% Tue May 19 16:10:10 2020
\begin{table}[ht]
\centering
\begin{tabular}{lrrrrrr}
  \hline
Provenance & NA & C & CS & FA & IA & SES \\ 
  \hline
ALT & 0.003 & 0.000 & 0.119 & 0.096 & 0.780 & 0.003 \\ 
  ARM & 0.005 & 0.007 & 0.021 & 0.006 & 0.959 & 0.001 \\ 
  ARN & 0.010 & 0.002 & 0.958 & 0.007 & 0.010 & 0.013 \\ 
  BAY & 0.003 & 0.004 & 0.966 & 0.013 & 0.010 & 0.004 \\ 
  BON & 0.152 & 0.010 & 0.654 & 0.003 & 0.002 & 0.179 \\ 
  CAD & 0.002 & 0.001 & 0.053 & 0.010 & 0.933 & 0.002 \\ 
  CAR & 0.001 & 0.001 & 0.904 & 0.060 & 0.022 & 0.011 \\ 
  CAS & 0.001 & 0.000 & 0.005 & 0.001 & 0.991 & 0.001 \\ 
  CEN & 0.013 & 0.002 & 0.892 & 0.003 & 0.041 & 0.050 \\ 
  COC & 0.017 & 0.005 & 0.826 & 0.061 & 0.043 & 0.047 \\ 
  COM & 0.239 & 0.028 & 0.127 & 0.011 & 0.039 & 0.556 \\ 
  CUE & 0.003 & 0.001 & 0.874 & 0.063 & 0.056 & 0.002 \\ 
  HOU & 0.004 & 0.001 & 0.026 & 0.960 & 0.007 & 0.002 \\ 
  LAM & 0.002 & 0.001 & 0.003 & 0.050 & 0.943 & 0.000 \\ 
  LEI & 0.004 & 0.003 & 0.512 & 0.007 & 0.472 & 0.002 \\ 
  MAD & 0.764 & 0.001 & 0.000 & 0.002 & 0.000 & 0.233 \\ 
  MIM & 0.004 & 0.002 & 0.024 & 0.952 & 0.013 & 0.005 \\ 
  OLB & 0.080 & 0.010 & 0.776 & 0.006 & 0.003 & 0.126 \\ 
  OLO & 0.004 & 0.001 & 0.007 & 0.980 & 0.006 & 0.003 \\ 
  ORI & 0.249 & 0.005 & 0.027 & 0.001 & 0.009 & 0.709 \\ 
  PET & 0.003 & 0.001 & 0.021 & 0.966 & 0.004 & 0.004 \\ 
  PIA & 0.004 & 0.974 & 0.010 & 0.001 & 0.008 & 0.003 \\ 
  PIE & 0.007 & 0.970 & 0.022 & 0.000 & 0.000 & 0.001 \\ 
  PLE & 0.005 & 0.001 & 0.060 & 0.924 & 0.005 & 0.004 \\ 
  PUE & 0.002 & 0.000 & 0.021 & 0.001 & 0.974 & 0.002 \\ 
  QUA & 0.092 & 0.006 & 0.499 & 0.005 & 0.015 & 0.383 \\ 
  SAC & 0.004 & 0.001 & 0.268 & 0.002 & 0.723 & 0.002 \\ 
  SAL & 0.010 & 0.004 & 0.944 & 0.027 & 0.008 & 0.008 \\ 
  SEG & 0.003 & 0.001 & 0.151 & 0.013 & 0.829 & 0.003 \\ 
  SIE & 0.003 & 0.001 & 0.089 & 0.015 & 0.891 & 0.001 \\ 
  STJ & 0.003 & 0.002 & 0.027 & 0.947 & 0.017 & 0.004 \\ 
  TAM & 0.937 & 0.000 & 0.025 & 0.000 & 0.037 & 0.001 \\ 
  VAL & 0.012 & 0.003 & 0.943 & 0.006 & 0.011 & 0.025 \\ 
  VER & 0.003 & 0.002 & 0.019 & 0.972 & 0.003 & 0.001 \\ 
   \hline
\end{tabular}
\end{table}
